2139
  -0.0344026
  0.00515789
  -0.0059303
  -0.0380332
   0.0061113
 -0.00822878
  -0.0388831
  0.00639235
   -0.008781
  -0.0396114
  0.00663491
 -0.00938241
  -0.0385421
  0.00641238
 -0.00789347
  -0.0381752
  0.00645311
 -0.00722161
  -0.0390681
  0.00672556
 -0.00757473
  -0.0416731
  0.00755098
 -0.00847808
  -0.0435759
  0.00816345
 -0.00912809
   -0.039916
  0.00684688
 -0.00858638
  -0.0411065
  0.00723011
 -0.00924137
  -0.0370147
  0.00560251
 -0.00836889
  -0.0365341
  0.00553931
 -0.00761109
  -0.0360693
   0.0051172
 -0.00826892
  -0.0351349
  0.00491373
 -0.00721216
  -0.0377007
  0.00584308
  -0.0089958
  -0.0383075
  0.00607758
 -0.00968505
  -0.0368484
  0.00541613
 -0.00911517
  -0.0376319
  0.00576147
 -0.00997732
  -0.0367854
  0.00578884
 -0.00721483
  -0.0371825
  0.00610565
 -0.00691026
  -0.0349142
  0.00506439
 -0.00657872
  -0.0343011
  0.00539307
  -0.0055482
   -0.034367
  0.00568142
  -0.0052537
  -0.0364949
   0.0064354
  -0.0057691
  -0.0364993
  0.00653655
 -0.00563366
  -0.0341139
   0.0058162
 -0.00494956
   -0.032785
  0.00561532
  -0.0043447
  -0.0418877
   0.0078622
 -0.00764056
  -0.0385556
  0.00670534
 -0.00701997
  -0.0396846
  0.00705073
 -0.00737447
  -0.0387756
  0.00693418
 -0.00674378
  -0.0432232
  0.00815264
 -0.00842972
  -0.0457827
  0.00895878
  -0.0091596
  -0.0446496
   0.0087004
 -0.00839932
  -0.0476821
  0.00963155
 -0.00920061
  -0.0426775
  0.00820667
 -0.00758302
  -0.0430197
  0.00839722
 -0.00747081
  -0.0390806
  0.00715202
 -0.00658079
  -0.0395855
  0.00741659
 -0.00651548
  -0.0458423
  0.00915857
  -0.0083799
  -0.0494791
   0.0102745
 -0.00920236
  -0.0461534
  0.00931826
 -0.00826284
  -0.0513482
     0.01093
  -0.0092973
  -0.0372796
  0.00630477
 -0.00661512
  -0.0371165
  0.00644654
 -0.00623056
  -0.0371364
  0.00658776
 -0.00600746
  -0.0328221
  0.00396235
 -0.00612751
  -0.0313709
   0.0032154
 -0.00552062
  -0.0323953
  0.00409778
 -0.00556171
  -0.0323285
  0.00438229
 -0.00518333
  -0.0302167
  0.00322553
 -0.00462146
  -0.0292237
  0.00330782
 -0.00391913
  -0.0297064
  0.00229129
 -0.00460823
  -0.0289386
 0.000869705
 -0.00368794
  -0.0271641
  0.00202002
 -0.00313713
  -0.0247444
  0.00188953
 -0.00193505
  -0.0243935
  0.00102451
 -0.00174908
   -0.022338
  0.00104729
-0.000797873
  -0.0339831
  0.00412351
 -0.00725818
  -0.0350251
  0.00450527
  -0.0080692
  -0.0329135
  0.00345687
 -0.00681863
  -0.0340726
  0.00364319
 -0.00830223
  -0.0361142
  0.00499685
 -0.00907767
  -0.0368708
  0.00539789
  -0.0105236
  -0.0321838
  0.00241388
 -0.00659277
  -0.0350511
 0.000439293
  -0.0097812
  -0.0342998
  0.00208328
  -0.0126945
   -0.033988
  0.00287786
  -0.0155502
  -0.0346736
  0.00122807
   -0.012804
  -0.0335475
  0.00229916
  -0.0164942
  -0.0318938
   0.0046735
 -0.00464594
  -0.0318004
  0.00498922
 -0.00431611
  -0.0242879
  0.00322571
 -0.00128024
  -0.0307195
  0.00498566
 -0.00368026
  -0.0285202
  0.00479064
 -0.00264408
  -0.0225112
  0.00197257
 -0.00080653
  -0.0184936
  0.00189042
   0.0010851
  -0.0192832
  0.00113515
  0.00056369
  -0.0140908
  0.00165886
   0.0030965
  -0.0111326
  0.00151799
  0.00447928
  -0.0100474
 0.000967641
  0.00479234
 -0.00755571
 0.000938265
  0.00597278
  -0.0419966
  0.00753468
 -0.00976518
  -0.0442869
  0.00838216
 -0.00967048
  -0.0442534
  0.00836506
 -0.00990021
  -0.0386972
  0.00624427
  -0.0102401
  -0.0394407
  0.00654223
  -0.0101424
  -0.0397056
  0.00665807
  -0.0104565
  -0.0381189
  0.00599802
  -0.0106004
  -0.0382638
   0.0060963
  -0.0109072
  -0.0387658
  0.00631266
   -0.010825
  -0.0388265
  0.00637066
  -0.0109546
  -0.0415932
  0.00738815
  -0.0102439
  -0.0440578
  0.00831706
  -0.0100172
  -0.0414899
  0.00736034
  -0.0103798
  -0.0431877
  0.00808823
  -0.0102965
  -0.0467827
  0.00926997
 -0.00951271
  -0.0497066
   0.0102665
  -0.0096341
  -0.0469358
  0.00932029
 -0.00966384
  -0.0507066
   0.0105976
  -0.0098339
   -0.055464
   0.0122276
  -0.0100026
  -0.0554539
   0.0121537
  -0.0102166
  -0.0579781
   0.0129559
  -0.0105937
  -0.0616004
   0.0141682
  -0.0108707
  -0.0469016
   0.0093383
 -0.00999446
  -0.0520873
   0.0110968
  -0.0102061
  -0.0461702
  0.00922166
  -0.0100907
  -0.0494611
   0.0103628
  -0.0101535
  -0.0586101
   0.0132151
  -0.0107226
  -0.0774965
    0.019016
  -0.0129559
   -0.059552
   0.0138611
  -0.0103822
  -0.0551618
   0.0123013
  -0.0103539
  -0.0370756
  0.00554048
  -0.0114263
  -0.0370526
    0.005611
  -0.0117181
  -0.0353451
  0.00462631
  -0.0133821
  -0.0352402
  0.00487718
  -0.0131387
  -0.0370281
  0.00575694
  -0.0115978
    -0.03499
  0.00509411
  -0.0124868
  -0.0376594
  0.00610381
    -0.01129
  -0.0347348
  0.00527618
  -0.0116367
  -0.0362887
  0.00598583
  -0.0109413
  -0.0336962
  0.00372924
  -0.0161383
  -0.0330836
   0.0041521
  -0.0152879
  -0.0319927
  0.00337542
  -0.0243327
  -0.0314263
  0.00359387
  -0.0162453
  -0.0327172
  0.00437603
  -0.0132943
  -0.0305113
  0.00377129
  -0.0133566
  -0.0324008
  0.00463141
  -0.0116606
  -0.0324265
  0.00487992
  -0.0107472
  -0.0293944
  0.00381183
  -0.0113208
   -0.028537
  0.00375233
  -0.0104802
  -0.0435908
  0.00851822
  -0.0100641
  -0.0455403
  0.00929634
  -0.0097945
  -0.0394478
   0.0072298
   -0.010226
  -0.0418229
  0.00836626
 -0.00919119
  -0.0492769
   0.0110757
  -0.0087826
  -0.0427341
  0.00896393
 -0.00853519
  -0.0438833
  0.00960539
 -0.00799421
  -0.0262059
  0.00358494
 -0.00860375
  -0.0248995
  0.00372653
 -0.00696039
  -0.0358896
  0.00719453
  -0.0073425
  -0.0212679
  0.00394506
 -0.00345005
  -0.0367548
  0.00688227
 -0.00537292
  -0.0291531
  0.00542806
 -0.00239812
  -0.0215159
  0.00396465
  0.00058488
  -0.0417538
   0.0081402
 -0.00693383
  -0.0438182
  0.00871833
 -0.00748417
   -0.044717
  0.00903953
 -0.00758506
  -0.0476979
  0.00999171
 -0.00813888
  -0.0534098
   0.0118401
 -0.00914982
  -0.0160975
   0.0029216
  0.00270206
  -0.0147873
   0.0025082
  0.00311823
  -0.0115845
  0.00216415
  0.00453496
 -0.00992711
  0.00164379
   0.0051141
 -0.00205399
 0.000782105
  0.00855994
 -0.00231596
  0.00112196
  0.00855974
    0.006707
 0.000413283
   0.0125892
  -0.0590873
    0.013552
  -0.0102236
  -0.0568482
   0.0130546
 -0.00969597
  -0.0620269
   0.0145498
  -0.0106202
  -0.0563497
   0.0130397
 -0.00953926
  -0.0576915
   0.0134754
  -0.0098459
  -0.0528667
   0.0122046
 -0.00878309
  -0.0481042
    0.011116
 -0.00770736
  -0.0470125
   0.0107905
 -0.00771049
  -0.0477703
   0.0108692
  -0.0081238
  -0.0425464
  0.00958953
 -0.00702059
  -0.0381294
  0.00868027
 -0.00571234
  -0.0357336
  0.00832354
 -0.00467262
  -0.0270002
  0.00634567
 -0.00251968
  -0.0291396
  0.00657761
 -0.00359079
  -0.0186558
  0.00375489
 -0.00186945
  -0.0233722
  0.00548379
 -0.00170121
  -0.0208539
  0.00497767
-0.000936412
  -0.0170721
  0.00404726
-0.000122889
  -0.0124166
  0.00325991
  0.00158411
  -0.0293799
 -0.00381639
-0.000828206
  -0.0218536
-0.000353119
-0.000236733
  -0.0177374
 -0.00021085
  0.00119956
  -0.0116722
 -0.00207157
  0.00374162
  -0.0111555
 -0.00410123
  0.00396567
  -0.0146057
  -0.0044198
  0.00306346
 -0.00439577
 -0.00488413
  0.00559669
-0.000440158
 -0.00480389
  0.00708076
  -0.0369794
 -0.00249642
 -0.00521196
  -0.0375895
 -0.00170413
 -0.00793292
  -0.0493243
 -0.00615691
 -0.00358889
  -0.0358702
 -0.00288197
 -0.00583262
  -0.0350922
 0.000207138
  -0.0117017
  -0.0334502
  0.00196981
  -0.0165555
  -0.0140696
 -0.00339037
-0.000780341
-0.000532313
 -0.00519382
  0.00474915
 -0.00332081
 -0.00443356
  0.00280444
 -0.00868614
 -0.00284136
 -0.00043508
 -0.00642626
 -0.00359182
  0.00101027
 -0.00662823
 -0.00291873
 3.83668e-05
 -0.00727191
-8.70791e-05
   0.0057783
 -0.00579243
 -0.00173627
  0.00605405
  -0.0037149
 9.11964e-06
  0.00745749
  0.00100141
-0.000849987
  0.00933465
  0.00744379
-0.000924851
   0.0124349
   0.0174325
 -0.00421693
   0.0148709
 0.000639066
 -0.00294563
  0.00838217
  0.00683677
 -0.00272294
   0.0111679
   0.0234624
 -0.00377174
   0.0183543
   0.0284166
  -0.0033985
   0.0212165
  0.00978517
  -0.0065671
  0.00834304
    0.031937
 -0.00943794
    0.014719
    0.030254
 -0.00962585
   0.0134328
   0.0403765
  -0.0110351
   0.0164453
   0.0411522
  -0.0114722
   0.0160139
   0.0503419
   -0.013017
   0.0185475
   0.0467324
  -0.0125723
   0.0171512
  0.00575379
 -0.00592362
  0.00627578
 -0.00198079
 -0.00450957
  0.00314178
 -0.00476782
 -0.00369544
  0.00147023
 -0.00590026
 -0.00307424
 0.000368631
    0.042826
  -0.0119508
   0.0158846
    0.045703
  -0.0126186
   0.0159659
   0.0445654
  -0.0122732
   0.0162356
    0.022154
 -0.00641939
   0.0146336
   0.0373584
 -0.00747979
   0.0204934
   0.0309929
 -0.00499015
   0.0206246
   0.0379578
 -0.00647336
   0.0221856
   0.0373953
 -0.00500313
   0.0240069
   0.0315753
 -0.00368145
   0.0227038
   0.0409013
  -0.0097421
   0.0188299
   0.0435122
 -0.00871165
    0.021874
   0.0458531
 -0.00845161
   0.0235381
   0.0581658
  -0.0116043
   0.0254595
   0.0598845
  -0.0108469
   0.0276596
   0.0446762
   -0.012308
   0.0162036
   0.0460917
  -0.0127089
   0.0159759
   0.0488148
  -0.0134138
   0.0157667
    0.050564
  -0.0138547
   0.0155793
   0.0488295
  -0.0134179
   0.0157754
   0.0521712
  -0.0142809
   0.0156149
  -0.0320313
  0.00284071
  -0.0181347
  -0.0291679
  0.00310906
  -0.0151301
  -0.0273312
  0.00312325
  -0.0116655
  -0.0266719
  0.00311139
   -0.010574
  -0.0254062
   0.0029276
 -0.00965726
  -0.0219032
   0.0018919
 -0.00864951
  -0.0225725
  0.00217878
 -0.00865608
 -0.00879694
 -0.00212769
 -0.00134562
   -0.011762
-0.000974611
 -0.00326756
 -0.00718577
 -0.00238792
 -0.00077559
 -0.00799847
 -0.00177714
 -0.00166752
  -0.0151804
 0.000273861
  -0.0052178
  -0.0222176
  0.00296742
 -0.00654557
  -0.0226034
  0.00301553
 -0.00674419
  -0.0199865
  0.00185755
 -0.00699408
   -0.018929
   0.0026664
 -0.00459631
 -0.00340667
 -0.00025292
  0.00110591
 -0.00589209
-0.000997517
 -0.00134571
 -0.00495572
 -0.00191321
-0.000968236
  0.00157605
 -0.00199666
  0.00165564
   0.0171036
 -0.00515103
  0.00646103
 -0.00475398
 -0.00267543
 -9.7452e-05
 -0.00324204
 -0.00261044
-1.37456e-05
 0.000872966
 -0.00319053
  0.00117579
  0.00277349
 -0.00341122
  0.00166293
   0.0143997
 -0.00525879
  0.00520451
   0.0231078
 -0.00658755
  0.00791323
   0.0293581
 -0.00817054
  0.00916534
   0.0519477
   -0.014178
    0.015219
   0.0537056
  -0.0145333
   0.0143179
   0.0515537
  -0.0139097
   0.0133229
   0.0585315
   -0.015739
   0.0144413
   0.0617472
  -0.0164396
   0.0149055
  0.00610213
-0.000422253
   0.0120104
   0.0129377
  -0.0012018
    0.014984
     0.01692
 -0.00138461
   0.0168737
   0.0130863
-9.23193e-05
   0.0154347
   0.0212896
 -0.00207779
   0.0186185
   0.0300905
 -0.00295296
   0.0225117
   0.0317441
 -0.00260699
    0.023584
   0.0290055
 -0.00191408
   0.0226675
   0.0340793
 -0.00195021
   0.0253395
   0.0342265
 -0.00166838
   0.0253659
   0.0257575
 -0.00375997
   0.0145055
   0.0241222
-0.000973765
   0.0203594
   0.0304916
 -0.00148792
   0.0232033
   0.0190781
 -0.00236987
   0.0125623
   0.0357532
  -0.0020393
   0.0250609
   0.0368189
 -0.00312205
   0.0234692
   0.0308214
  -0.0037498
   0.0180489
   0.0356436
  -0.0051466
   0.0186603
   0.0367821
 -0.00434654
   0.0210408
   0.0336131
 -0.00312233
    0.024408
   0.0361006
 -0.00308383
   0.0254597
   0.0323113
-0.000600512
    0.028137
   0.0437738
 -0.00489473
   0.0270822
   0.0380662
 -0.00285318
   0.0262383
   0.0462787
 -0.00532456
   0.0272227
   0.0510433
 -0.00714011
   0.0280123
   0.0526412
 -0.00742328
   0.0282049
   0.0542639
 -0.00799606
   0.0280476
   0.0610453
 -0.00989301
   0.0295022
   0.0604215
 -0.00967246
   0.0292574
   0.0616784
  -0.0102392
   0.0288087
   0.0548944
  -0.0082266
   0.0277479
   0.0616243
  -0.0104029
   0.0282289
   0.0339696
  0.00101718
   0.0290396
   0.0434947
 -0.00425357
   0.0264946
   0.0447473
 -0.00552411
   0.0244475
   0.0433174
 -0.00804102
     0.01828
   0.0481495
 -0.00829303
   0.0211759
   0.0500958
 -0.00996905
   0.0191427
   0.0561784
 -0.00883932
   0.0270727
   0.0659815
  -0.0122881
   0.0271552
   0.0706869
  -0.0148822
   0.0245607
    0.056408
  -0.0111685
   0.0212738
   0.0569619
  -0.0121741
   0.0194888
   0.0709989
  -0.0169441
   0.0196058
   0.0380192
 -0.00254383
   0.0255642
   0.0396095
 -0.00377633
   0.0241736
   0.0415265
  -0.0058331
    0.021424
  -0.0107662
  0.00186379
 2.79898e-07
  -0.0109714
  0.00228906
 0.000699286
-2.69333e-05
 -0.00059853
  0.00280884
  -0.0087566
  0.00229378
  0.00225184
    0.013111
 -0.00169806
  0.00972811
   0.0109958
 -0.00321033
  0.00558633
   0.0164152
 -0.00390022
  0.00791939
   0.0211197
 -0.00567659
  0.00801866
   0.0201292
 -0.00408634
   0.0100425
   0.0310973
 -0.00629854
   0.0133045
  0.00659912
-0.000269859
  0.00795915
   0.0340362
 -0.00796409
   0.0122521
   0.0261478
 -0.00700816
   0.0089909
   0.0327674
 -0.00857669
   0.0104064
    0.041645
 -0.00874215
   0.0157643
    0.051508
  -0.0115232
     0.01698
   0.0607089
  -0.0150458
   0.0162242
   0.0695178
  -0.0176774
   0.0168726
   0.0686831
  -0.0178433
   0.0161649
   0.0608742
  -0.0143833
   0.0176546
   0.0626109
  -0.0153071
   0.0169548
   0.0692152
  -0.0174906
    0.017029
   0.0649164
  -0.0163413
   0.0210008
   0.0693259
  -0.0166256
   0.0231783
   0.0709323
  -0.0159563
   0.0254185
   0.0739431
  -0.0178624
   0.0236236
   0.0731159
  -0.0163653
   0.0260955
   0.0773567
  -0.0192645
   0.0229545
    0.082784
  -0.0212612
   0.0222808
   0.0701033
  -0.0144839
   0.0277415
   0.0780184
   -0.016533
   0.0290526
   0.0856663
  -0.0165262
   0.0343629
    0.101681
  -0.0266898
   0.0240315
    0.108232
  -0.0280855
   0.0256781
   0.0868699
  -0.0222721
    0.023072
   0.0867814
  -0.0224288
    0.022511
   0.0980329
  -0.0258291
   0.0232406
   0.0939369
  -0.0199182
   0.0329023
    0.107382
   -0.027085
   0.0271562
    0.104817
  -0.0255329
   0.0285376
   0.0871472
  -0.0227117
   0.0219159
   0.0897747
   -0.023687
   0.0212759
   0.0941206
  -0.0253636
   0.0198801
   0.0891416
  -0.0233812
   0.0217717
    0.103692
  -0.0284018
   0.0202282
   0.0984605
  -0.0270333
   0.0184966
    0.103415
  -0.0285071
   0.0191826
    0.100987
  -0.0278496
   0.0184876
    0.111308
  -0.0293183
   0.0252678
    0.115743
  -0.0310943
   0.0246985
      0.1162
  -0.0314621
   0.0242287
    0.107252
   -0.028781
    0.023457
    0.108876
  -0.0295479
   0.0226842
    0.116943
  -0.0320898
   0.0233336
    0.111645
   -0.029151
   0.0258174
    0.110843
  -0.0285594
   0.0263799
    0.115812
  -0.0310204
   0.0248742
    0.115823
  -0.0308798
   0.0250704
    0.120737
  -0.0332523
   0.0237676
    0.124559
  -0.0347726
   0.0234137
    0.122277
   -0.033988
   0.0232182
    0.124418
  -0.0349774
   0.0223221
    0.120376
  -0.0329721
   0.0241167
    0.120405
  -0.0328946
   0.0242277
     0.12469
  -0.0347634
   0.0235798
     0.12508
  -0.0349557
   0.0234337
    0.124812
   -0.034775
   0.0236235
    0.126168
  -0.0354843
   0.0229816
    0.127556
  -0.0361631
   0.0222099
    0.110585
  -0.0304378
    0.021359
    0.119903
  -0.0337296
     0.02062
    0.109052
   -0.030304
   0.0193168
    0.121944
  -0.0345434
   0.0178509
    0.125456
  -0.0355204
   0.0214517
    0.125822
  -0.0356571
   0.0214106
     0.12562
  -0.0356558
   0.0207114
    0.128184
  -0.0364913
   0.0216314
    0.127798
  -0.0364164
   0.0209638
     0.12489
  -0.0354721
   0.0193947
    0.124452
  -0.0353654
     0.01802
    0.126611
  -0.0360594
   0.0196603
    0.126151
  -0.0359343
    0.018076
   0.0651537
  -0.0177003
   0.0156991
   0.0678094
  -0.0183213
    0.015468
   0.0749075
  -0.0203572
   0.0160644
   0.0762038
  -0.0205984
   0.0159707
   0.0953653
  -0.0262421
    0.017579
   0.0986775
  -0.0272231
   0.0175759
   0.0995128
  -0.0275841
   0.0164045
    0.104076
  -0.0291893
    0.013795
    0.123218
   -0.034982
   0.0166499
    0.122661
  -0.0348397
   0.0145617
    0.119722
  -0.0339827
     0.01181
     0.12417
  -0.0352897
   0.0165675
     0.12747
  -0.0363618
   0.0129455
    0.123431
  -0.0350869
   0.0118514
    0.126817
  -0.0361266
   0.0120507
   0.0881577
  -0.0164462
   0.0362573
   0.0749647
  -0.0128925
   0.0338074
   0.0730649
  -0.0131775
   0.0311968
   0.0873436
  -0.0113064
   0.0477262
    0.086187
  -0.0161106
   0.0351952
   0.0855339
   -0.017202
   0.0318106
   0.0942827
  -0.0196772
   0.0335701
    0.102025
  -0.0241208
    0.029327
   0.0935611
  -0.0194498
   0.0333793
   0.0938652
  -0.0209237
   0.0297195
    0.101044
  -0.0238417
   0.0290097
     0.10167
  -0.0242732
   0.0284307
    0.100566
  -0.0244867
   0.0266855
   0.0748034
  -0.0154048
   0.0269633
   0.0781637
  -0.0174407
   0.0246628
   0.0780248
  -0.0175264
   0.0243118
   0.0849809
    -0.01906
   0.0265713
   0.0851474
  -0.0200498
   0.0241443
   0.0819553
  -0.0208252
   0.0192765
   0.0803046
  -0.0194008
   0.0214874
   0.0815342
  -0.0206016
   0.0194801
   0.0857897
  -0.0222824
   0.0188953
     0.08524
  -0.0213612
   0.0208049
   0.0857926
  -0.0222105
   0.0190863
    0.093673
   -0.022232
   0.0261481
   0.0994351
  -0.0247325
   0.0248582
   0.0933241
  -0.0222564
   0.0257652
   0.0930633
  -0.0231458
   0.0231741
   0.0993157
  -0.0247944
   0.0245704
    0.098492
  -0.0253293
   0.0223167
   0.0906806
  -0.0242303
   0.0181998
   0.0914019
  -0.0238568
   0.0198183
   0.0908199
  -0.0242268
   0.0183415
   0.0972484
  -0.0261236
   0.0190391
   0.0967743
  -0.0260487
   0.0188306
    0.096069
  -0.0266721
   0.0168592
    0.108853
    -0.02763
   0.0266466
    0.115863
  -0.0308568
   0.0250813
    0.114528
  -0.0303085
   0.0250882
    0.107367
   -0.027097
     0.02646
     0.10725
  -0.0270895
   0.0263419
    0.106261
  -0.0271109
   0.0251234
    0.113116
   -0.029792
   0.0248828
    0.112975
  -0.0297583
    0.024803
    0.112028
  -0.0296579
   0.0238442
    0.120022
  -0.0327002
   0.0243028
    0.119421
  -0.0324775
   0.0241723
    0.124699
  -0.0347061
   0.0236594
    0.124509
  -0.0346464
   0.0235239
    0.118596
  -0.0322045
   0.0238684
    0.118476
  -0.0321719
   0.0237977
    0.117681
  -0.0320403
   0.0229672
    0.124198
  -0.0345629
   0.0232483
    0.123856
   -0.034434
   0.0231905
    0.123037
  -0.0342205
   0.0225175
    0.105314
  -0.0272667
   0.0235772
    0.111176
  -0.0296831
   0.0225915
    0.105186
  -0.0272947
   0.0233511
    0.103908
  -0.0274909
   0.0214185
    0.111073
  -0.0296973
   0.0224006
    0.110359
  -0.0298775
   0.0207671
    0.102503
  -0.0281232
   0.0181591
    0.101803
   -0.029096
   0.0151748
    0.101283
   -0.028816
   0.0154372
    0.108842
   -0.030274
    0.017372
    0.108325
  -0.0310306
   0.0139814
    0.116998
  -0.0320049
   0.0218868
     0.12274
  -0.0342563
   0.0214201
    0.116923
  -0.0320104
    0.021719
    0.116557
  -0.0321528
   0.0202436
    0.122428
  -0.0341553
   0.0212795
    0.122555
   -0.034349
   0.0199624
    0.116189
  -0.0325172
   0.0171099
    0.116425
  -0.0329028
   0.0134788
    0.123064
  -0.0347224
   0.0173972
    0.123322
  -0.0348312
   0.0136506
   0.0777942
  -0.0204193
   0.0168597
   0.0845794
  -0.0227315
   0.0165657
   0.0767407
  -0.0201746
   0.0166254
   0.0819678
   -0.022083
    0.016196
   0.0802499
  -0.0207452
   0.0180367
   0.0856312
  -0.0226774
   0.0176837
    0.085151
  -0.0228761
   0.0166782
    0.089688
  -0.0246399
   0.0157852
   0.0898368
  -0.0247102
   0.0155083
    0.102232
  -0.0286858
   0.0134118
   0.0897306
  -0.0243934
   0.0168299
   0.0896126
  -0.0246416
   0.0159239
   0.0954737
  -0.0272279
   0.0148199
   0.0959534
  -0.0275177
   0.0137755
    0.111256
  -0.0315052
   0.0117307
    0.109495
  -0.0312609
   0.0112123
    0.117735
  -0.0334066
    0.010675
    0.116056
  -0.0329837
  0.00943739
   0.0993943
  -0.0325625
  0.00868904
    0.104887
  -0.0308195
   0.0110739
    0.109412
  -0.0318015
   0.0110626
    0.113059
    -0.03266
  0.00895948
    0.122804
  -0.0348523
   0.0106835
    0.121835
  -0.0342971
  0.00760222
    0.127051
  -0.0361156
   0.0111502
    0.127262
  -0.0360018
  0.00941271
    0.117746
  -0.0331981
  0.00886353
     0.11992
  -0.0336459
  0.00625927
    0.124543
  -0.0348584
  0.00851709
    0.127231
   -0.033676
 -0.00660579
    0.121789
  -0.0341199
  0.00596633
    0.126836
  -0.0354778
  0.00636382
    0.127251
  -0.0358143
   0.0233416
    0.127645
  -0.0359922
   0.0232368
     0.12806
   -0.036128
   0.0233101
    0.128451
  -0.0363006
   0.0232054
    0.131191
  -0.0374067
   0.0231313
    0.131649
  -0.0375997
   0.0230521
     0.12865
  -0.0364497
   0.0229108
    0.130257
  -0.0371721
   0.0223189
    0.132728
  -0.0380538
   0.0228578
    0.133962
  -0.0385829
   0.0225191
    0.134346
  -0.0386833
   0.0230334
    0.134603
  -0.0387903
   0.0229886
     0.13596
  -0.0393333
   0.0230202
    0.136484
  -0.0395449
    0.023008
    0.135294
  -0.0390786
   0.0228686
    0.136398
  -0.0395349
   0.0226652
    0.131113
  -0.0375646
   0.0218351
    0.131848
  -0.0378389
   0.0218751
    0.132189
  -0.0380116
   0.0213293
    0.134833
   -0.038961
    0.022105
    0.136106
  -0.0394712
   0.0214903
    0.137788
  -0.0401165
   0.0205282
    0.137622
  -0.0400456
   0.0187631
    0.137604
  -0.0400264
   0.0223464
    0.139585
  -0.0408011
   0.0205923
    0.132263
  -0.0380539
    0.015661
     0.13082
  -0.0374856
   0.0136752
    0.135698
  -0.0392933
   0.0166425
    0.128641
  -0.0363555
   0.0232843
    0.128997
   -0.036512
   0.0231562
    0.132221
  -0.0378218
   0.0230935
    0.132618
  -0.0379889
   0.0230058
    0.129738
  -0.0368371
   0.0229053
    0.129211
  -0.0366282
   0.0228621
    0.128887
  -0.0365551
   0.0223861
    0.133449
  -0.0383383
   0.0228198
    0.134347
   -0.038723
   0.0225015
    0.133568
  -0.0383866
   0.0227822
    0.134365
  -0.0387249
   0.0224625
    0.134872
  -0.0388949
   0.0230261
    0.135188
  -0.0390255
   0.0229793
    0.135489
  -0.0391437
   0.0230167
     0.13583
  -0.0392834
   0.0229703
    0.136395
  -0.0395073
   0.0230226
    0.137137
  -0.0398058
   0.0230146
    0.136812
  -0.0396746
   0.0230254
    0.137681
  -0.0400231
   0.0230215
    0.135967
  -0.0393469
    0.022866
    0.136889
  -0.0397272
   0.0226611
    0.136796
  -0.0396765
   0.0228624
    0.137928
  -0.0401359
   0.0226413
    0.138573
  -0.0403836
   0.0230138
    0.140697
  -0.0412394
   0.0231472
    0.139438
  -0.0407273
   0.0230136
    0.141426
  -0.0415239
   0.0230399
    0.141335
  -0.0414803
   0.0227511
    0.128622
  -0.0365399
    0.021407
    0.128363
  -0.0365069
   0.0202068
    0.134897
   -0.038973
   0.0217776
     0.13516
  -0.0390989
   0.0208538
     0.12784
  -0.0363173
   0.0199719
      0.1286
   -0.036642
   0.0179548
    0.129345
  -0.0368342
   0.0148855
    0.133986
  -0.0386358
   0.0187944
     0.13503
  -0.0389525
   0.0167185
    0.138164
  -0.0402439
   0.0222547
    0.139413
  -0.0407379
   0.0215828
     0.13929
  -0.0406822
   0.0222158
    0.140309
  -0.0410812
   0.0214616
    0.142401
  -0.0419205
   0.0229348
    0.142767
  -0.0420556
   0.0220761
    0.143524
  -0.0423389
   0.0219346
    0.140198
  -0.0410357
   0.0207263
    0.140162
   -0.041002
   0.0195288
    0.142047
  -0.0417469
   0.0208995
    0.141598
  -0.0415494
   0.0198381
    0.143075
  -0.0421381
   0.0208512
    0.142308
  -0.0418137
   0.0197335
    0.139774
  -0.0408699
   0.0221404
    0.142674
  -0.0420035
   0.0223882
    0.144753
  -0.0428008
   0.0218313
    0.140517
  -0.0411373
   0.0200231
    0.139937
  -0.0408654
   0.0185181
    0.145048
  -0.0428978
   0.0210222
    0.143532
  -0.0422764
    0.019701
    0.139425
  -0.0407184
   0.0230896
    0.139844
  -0.0408856
   0.0230967
    0.141362
  -0.0414902
   0.0231558
    0.141404
  -0.0415068
   0.0231524
    0.141272
  -0.0414556
   0.0231792
     0.14465
  -0.0428067
   0.0236023
    0.141727
  -0.0416356
   0.0231386
    0.144202
   -0.042621
   0.0232906
    0.142875
  -0.0420916
   0.0232415
    0.146024
  -0.0433463
   0.0235894
    0.143216
  -0.0422244
   0.0231773
    0.145682
  -0.0432018
   0.0232776
    0.143654
  -0.0423939
   0.0229194
    0.145171
    -0.04299
   0.0229256
     0.14576
  -0.0432248
   0.0230333
    0.145802
  -0.0432366
   0.0228863
    0.161995
  -0.0497741
   0.0278324
    0.146062
  -0.0433335
   0.0222984
    0.148002
  -0.0441274
   0.0235842
    0.146887
  -0.0436693
   0.0230259
    0.147253
  -0.0437967
   0.0224342
    0.144806
  -0.0428117
   0.0211624
    0.143767
  -0.0423842
    0.020176
    0.146154
  -0.0433376
   0.0214286
    0.145305
  -0.0429895
   0.0207092
    0.145081
  -0.0429459
   0.0225633
    0.146922
  -0.0436472
   0.0220949
     0.14626
  -0.0434064
   0.0225848
    0.147508
  -0.0438764
   0.0221579
    0.148501
  -0.0442556
   0.0221776
    0.146917
  -0.0436279
   0.0214427
    0.145276
  -0.0429665
   0.0203707
    0.165764
  -0.0509325
   0.0244142
    0.146249
  -0.0433535
   0.0208214
    0.148657
  -0.0443029
   0.0217239
    0.147004
  -0.0436451
   0.0209048
    0.146529
  -0.0435177
   0.0227142
     0.14677
  -0.0435959
   0.0221423
    0.146448
  -0.0434527
   0.0214993
    0.145964
  -0.0432521
   0.0210272
    0.146447
  -0.0434516
   0.0214868
    0.146589
  -0.0435331
   0.0225089
    0.146923
  -0.0436488
   0.0220025
     0.14717
    -0.04374
   0.0219215
     0.14669
  -0.0435547
   0.0218464
    0.146671
  -0.0435366
   0.0214719
    0.146062
  -0.0432869
   0.0209594
    0.146843
  -0.0435999
   0.0214161
    0.146073
  -0.0432887
   0.0208769
    0.146464
  -0.0434558
   0.0214289
    0.146051
  -0.0432854
   0.0210247
    0.145943
  -0.0432401
   0.0209024
    0.145851
  -0.0432026
     0.02081
    0.134224
  -0.0386414
   0.0145125
    0.130353
  -0.0371925
   0.0120822
    0.131023
  -0.0371566
   0.0102379
    0.130501
  -0.0370937
     0.01079
    0.133221
  -0.0382088
   0.0133033
    0.133944
  -0.0383995
   0.0130554
    0.130627
  -0.0369755
   0.0111301
    0.131409
  -0.0371093
  0.00938168
    0.135503
  -0.0390269
   0.0149564
    0.135209
  -0.0388521
   0.0137537
    0.135689
  -0.0390434
    0.014125
    0.131305
  -0.0371207
  0.00934308
    0.134579
  -0.0385975
   0.0130966
    0.139132
  -0.0405753
   0.0180359
    0.137418
  -0.0398676
   0.0163191
    0.140918
  -0.0412604
   0.0187824
    0.141275
  -0.0413861
   0.0186891
    0.140143
  -0.0409205
   0.0177215
    0.137022
  -0.0396572
   0.0154664
    0.139318
  -0.0405815
   0.0170472
    0.139153
  -0.0405119
   0.0171965
    0.138283
   -0.040145
   0.0162681
    0.138862
  -0.0403888
   0.0169274
    0.138342
  -0.0401631
   0.0162831
    0.141405
  -0.0414217
   0.0184775
    0.140409
  -0.0410156
   0.0177415
    0.141152
  -0.0413144
   0.0182289
    0.140481
  -0.0410407
   0.0177419
    0.137668
  -0.0398921
   0.0157264
    0.139679
  -0.0407193
   0.0172135
    0.142731
  -0.0419611
   0.0193382
    0.141614
  -0.0415089
   0.0185711
    0.143081
  -0.0420936
   0.0193482
    0.142056
  -0.0416813
   0.0187353
     0.14329
  -0.0421728
    0.019351
    0.142429
   -0.041828
   0.0188982
    0.144526
  -0.0426706
   0.0200772
    0.143812
  -0.0423851
    0.019696
     0.14472
   -0.042746
   0.0201178
    0.144131
   -0.042512
   0.0198459
    0.145402
  -0.0430217
   0.0205444
    0.144962
  -0.0428456
   0.0203065
    0.145399
    -0.04302
   0.0205219
    0.145033
   -0.042874
   0.0203426
    0.145582
  -0.0430948
   0.0206752
    0.145311
  -0.0429858
   0.0205014
    0.145537
  -0.0430762
   0.0206348
    0.145314
  -0.0429871
   0.0205006
    0.145125
   -0.042911
   0.0203881
    0.145516
  -0.0430679
   0.0206132
    0.145318
  -0.0429884
    0.020499
